# Blender v3.2.0 OBJ File: ''
# www.blender.org
mtllib textured_circle.mtl
o Cube
v -1.457757 0.522335 -1.000000
v -2.823212 -0.939011 -1.000000
v -1.457757 0.522335 1.000000
v -2.823212 -0.939011 1.000000
v -6.777579 5.493083 -1.000000
v -8.143035 4.031737 -1.000000
v -6.777579 5.493083 1.000000
v -8.143035 4.031737 1.000000
vt 0.875000 0.500000
vt 0.625000 0.750000
vt 0.625000 0.500000
vt 0.375000 1.000000
vt 0.375000 0.750000
vt 0.625000 0.000000
vt 0.375000 0.250000
vt 0.375000 0.000000
vt 0.375000 0.500000
vt 0.125000 0.750000
vt 0.125000 0.500000
vt 0.625000 0.250000
vt 0.875000 0.750000
vt 0.625000 1.000000
vn 0.6827 0.7307 0.0000
vn 0.0000 0.0000 1.0000
vn -0.7307 0.6827 0.0000
vn -0.6827 -0.7307 0.0000
vn 0.7307 -0.6827 0.0000
vn 0.0000 0.0000 -1.0000
usemtl Material
s off
f 5/1/1 3/2/1 1/3/1
f 3/2/2 8/4/2 4/5/2
f 7/6/3 6/7/3 8/8/3
f 2/9/4 8/10/4 6/11/4
f 1/3/5 4/5/5 2/9/5
f 5/12/6 2/9/6 6/7/6
f 5/1/1 7/13/1 3/2/1
f 3/2/2 7/14/2 8/4/2
f 7/6/3 5/12/3 6/7/3
f 2/9/4 4/5/4 8/10/4
f 1/3/5 3/2/5 4/5/5
f 5/12/6 1/3/6 2/9/6
o Cube.001
v 2.754530 2.666402 -0.939600
v 3.061080 0.690035 -0.939600
v 2.754530 2.666402 1.060400
v 3.061080 0.690035 1.060400
v -4.440156 1.550451 -0.939600
v -4.133606 -0.425917 -0.939600
v -4.440156 1.550451 1.060400
v -4.133606 -0.425917 1.060400
vt 0.875000 0.500000
vt 0.625000 0.750000
vt 0.625000 0.500000
vt 0.375000 1.000000
vt 0.375000 0.750000
vt 0.625000 0.000000
vt 0.375000 0.250000
vt 0.375000 0.000000
vt 0.375000 0.500000
vt 0.125000 0.750000
vt 0.125000 0.500000
vt 0.625000 0.250000
vt 0.875000 0.750000
vt 0.625000 1.000000
vn -0.1533 0.9882 0.0000
vn -0.0000 0.0000 1.0000
vn -0.9882 -0.1533 0.0000
vn 0.1533 -0.9882 0.0000
vn 0.9882 0.1533 0.0000
vn 0.0000 0.0000 -1.0000
usemtl Material.001
s off
f 13/15/7 11/16/7 9/17/7
f 11/16/8 16/18/8 12/19/8
f 15/20/9 14/21/9 16/22/9
f 10/23/10 16/24/10 14/25/10
f 9/17/11 12/19/11 10/23/11
f 13/26/12 10/23/12 14/21/12
f 13/15/7 15/27/7 11/16/7
f 11/16/8 15/28/8 16/18/8
f 15/20/9 13/26/9 14/21/9
f 10/23/10 12/19/10 16/24/10
f 9/17/11 11/16/11 12/19/11
f 13/26/12 9/17/12 10/23/12
o Cube.002
v -5.163032 2.310689 -0.939600
v -7.160149 2.418031 -0.939600
v -5.163032 2.310689 1.060400
v -7.160149 2.418031 1.060400
v -4.772267 9.580913 -0.939600
v -6.769384 9.688254 -0.939600
v -4.772267 9.580913 1.060400
v -6.769384 9.688254 1.060400
vt 0.875000 0.500000
vt 0.625000 0.750000
vt 0.625000 0.500000
vt 0.375000 1.000000
vt 0.375000 0.750000
vt 0.625000 0.000000
vt 0.375000 0.250000
vt 0.375000 0.000000
vt 0.375000 0.500000
vt 0.125000 0.750000
vt 0.125000 0.500000
vt 0.625000 0.250000
vt 0.875000 0.750000
vt 0.625000 1.000000
vn 0.9986 -0.0537 0.0000
vn 0.0000 0.0000 1.0000
vn 0.0537 0.9986 0.0000
vn -0.9986 0.0537 0.0000
vn -0.0537 -0.9986 0.0000
vn 0.0000 0.0000 -1.0000
usemtl Material.002
s off
f 21/29/13 19/30/13 17/31/13
f 19/30/14 24/32/14 20/33/14
f 23/34/15 22/35/15 24/36/15
f 18/37/16 24/38/16 22/39/16
f 17/31/17 20/33/17 18/37/17
f 21/40/18 18/37/18 22/35/18
f 21/29/13 23/41/13 19/30/13
f 19/30/14 23/42/14 24/32/14
f 23/34/15 21/40/15 22/35/15
f 18/37/16 20/33/16 24/38/16
f 17/31/17 19/30/17 20/33/17
f 21/40/18 17/31/18 18/37/18
o Cube.003
v 7.278168 5.830006 -0.939600
v 8.201717 4.056011 -0.939600
v 7.278168 5.830006 1.060400
v 8.201717 4.056011 1.060400
v 0.820191 2.467956 -0.939600
v 1.743740 0.693962 -0.939600
v 0.820191 2.467956 1.060400
v 1.743740 0.693962 1.060400
vt 0.875000 0.500000
vt 0.625000 0.750000
vt 0.625000 0.500000
vt 0.375000 1.000000
vt 0.375000 0.750000
vt 0.625000 0.000000
vt 0.375000 0.250000
vt 0.375000 0.000000
vt 0.375000 0.500000
vt 0.125000 0.750000
vt 0.125000 0.500000
vt 0.625000 0.250000
vt 0.875000 0.750000
vt 0.625000 1.000000
vn -0.4618 0.8870 0.0000
vn 0.0000 0.0000 1.0000
vn -0.8870 -0.4618 0.0000
vn 0.4618 -0.8870 0.0000
vn 0.8870 0.4618 0.0000
vn -0.0000 0.0000 -1.0000
usemtl Material.003
s off
f 29/43/19 27/44/19 25/45/19
f 27/44/20 32/46/20 28/47/20
f 31/48/21 30/49/21 32/50/21
f 26/51/22 32/52/22 30/53/22
f 25/45/23 28/47/23 26/51/23
f 29/54/24 26/51/24 30/49/24
f 29/43/19 31/55/19 27/44/19
f 27/44/20 31/56/20 32/46/20
f 31/48/21 29/54/21 30/49/21
f 26/51/22 28/47/22 32/52/22
f 25/45/23 27/44/23 28/47/23
f 29/54/24 25/45/24 26/51/24
o Cube.004
v 2.944139 12.465555 -0.939600
v 4.489716 13.734882 -0.939600
v 2.944139 12.465555 1.060400
v 4.489716 13.734882 1.060400
v 7.564945 6.839100 -0.939600
v 9.110522 8.108427 -0.939600
v 7.564945 6.839100 1.060400
v 9.110522 8.108427 1.060400
vt 0.875000 0.500000
vt 0.625000 0.750000
vt 0.625000 0.500000
vt 0.375000 1.000000
vt 0.375000 0.750000
vt 0.625000 0.000000
vt 0.375000 0.250000
vt 0.375000 0.000000
vt 0.375000 0.500000
vt 0.125000 0.750000
vt 0.125000 0.500000
vt 0.625000 0.250000
vt 0.875000 0.750000
vt 0.625000 1.000000
vn -0.7728 -0.6347 0.0000
vn 0.0000 0.0000 1.0000
vn 0.6347 -0.7728 0.0000
vn 0.7728 0.6347 0.0000
vn -0.6347 0.7728 0.0000
vn 0.0000 0.0000 -1.0000
usemtl Material.004
s off
f 37/57/25 35/58/25 33/59/25
f 35/58/26 40/60/26 36/61/26
f 39/62/27 38/63/27 40/64/27
f 34/65/28 40/66/28 38/67/28
f 33/59/29 36/61/29 34/65/29
f 37/68/30 34/65/30 38/63/30
f 37/57/25 39/69/25 35/58/25
f 35/58/26 39/70/26 40/60/26
f 39/62/27 37/68/27 38/63/27
f 34/65/28 36/61/28 40/66/28
f 33/59/29 35/58/29 36/61/29
f 37/68/30 33/59/30 34/65/30
o Cube.005
v 6.932895 9.929770 -1.000000
v 8.885646 9.497610 -1.000000
v 6.932895 9.929770 1.000000
v 8.885646 9.497610 1.000000
v 5.359679 2.821053 -1.000000
v 7.312430 2.388894 -1.000000
v 5.359679 2.821053 1.000000
v 7.312430 2.388894 1.000000
vt 0.875000 0.500000
vt 0.625000 0.750000
vt 0.625000 0.500000
vt 0.375000 1.000000
vt 0.375000 0.750000
vt 0.625000 0.000000
vt 0.375000 0.250000
vt 0.375000 0.000000
vt 0.375000 0.500000
vt 0.125000 0.750000
vt 0.125000 0.500000
vt 0.625000 0.250000
vt 0.875000 0.750000
vt 0.625000 1.000000
vn -0.9764 0.2161 0.0000
vn 0.0000 0.0000 1.0000
vn -0.2161 -0.9764 0.0000
vn 0.9764 -0.2161 0.0000
vn 0.2161 0.9764 0.0000
vn 0.0000 0.0000 -1.0000
usemtl Material.005
s off
f 45/71/31 43/72/31 41/73/31
f 43/72/32 48/74/32 44/75/32
f 47/76/33 46/77/33 48/78/33
f 42/79/34 48/80/34 46/81/34
f 41/73/35 44/75/35 42/79/35
f 45/82/36 42/79/36 46/77/36
f 45/71/31 47/83/31 43/72/31
f 43/72/32 47/84/32 48/74/32
f 47/76/33 45/82/33 46/77/33
f 42/79/34 44/75/34 48/80/34
f 41/73/35 43/72/35 44/75/35
f 45/82/36 41/73/36 42/79/36
o Cube.006
v -4.542443 11.485446 -1.000000
v -5.089321 13.409225 -1.000000
v -4.542443 11.485446 1.000000
v -5.089321 13.409225 1.000000
v 2.460802 13.476277 -1.000000
v 1.913924 15.400056 -1.000000
v 2.460802 13.476277 1.000000
v 1.913924 15.400056 1.000000
vt 0.875000 0.500000
vt 0.625000 0.750000
vt 0.625000 0.500000
vt 0.375000 1.000000
vt 0.375000 0.750000
vt 0.625000 0.000000
vt 0.375000 0.250000
vt 0.375000 0.000000
vt 0.375000 0.500000
vt 0.125000 0.750000
vt 0.125000 0.500000
vt 0.625000 0.250000
vt 0.875000 0.750000
vt 0.625000 1.000000
vn 0.2734 -0.9619 0.0000
vn 0.0000 0.0000 1.0000
vn 0.9619 0.2734 0.0000
vn -0.2734 0.9619 0.0000
vn -0.9619 -0.2734 0.0000
vn 0.0000 0.0000 -1.0000
usemtl Material.006
s off
f 53/85/37 51/86/37 49/87/37
f 51/86/38 56/88/38 52/89/38
f 55/90/39 54/91/39 56/92/39
f 50/93/40 56/94/40 54/95/40
f 49/87/41 52/89/41 50/93/41
f 53/96/42 50/93/42 54/91/42
f 53/85/37 55/97/37 51/86/37
f 51/86/38 55/98/38 56/88/38
f 55/90/39 53/96/39 54/91/39
f 50/93/40 52/89/40 56/94/40
f 49/87/41 51/86/41 52/89/41
f 53/96/42 49/87/42 50/93/42
o Cube.007
v -4.880182 6.770969 -0.939600
v -6.731170 7.528494 -0.939600
v -4.880182 6.770969 1.060400
v -6.731170 7.528494 1.060400
v -2.122519 13.509230 -0.939600
v -3.973507 14.266754 -0.939600
v -2.122519 13.509230 1.060400
v -3.973507 14.266754 1.060400
vt 0.875000 0.500000
vt 0.625000 0.750000
vt 0.625000 0.500000
vt 0.375000 1.000000
vt 0.375000 0.750000
vt 0.625000 0.000000
vt 0.375000 0.250000
vt 0.375000 0.000000
vt 0.375000 0.500000
vt 0.125000 0.750000
vt 0.125000 0.500000
vt 0.625000 0.250000
vt 0.875000 0.750000
vt 0.625000 1.000000
vn 0.9255 -0.3788 0.0000
vn -0.0000 0.0000 1.0000
vn 0.3788 0.9255 0.0000
vn -0.9255 0.3788 0.0000
vn -0.3788 -0.9255 0.0000
vn 0.0000 0.0000 -1.0000
usemtl Material.007
s off
f 61/99/43 59/100/43 57/101/43
f 59/100/44 64/102/44 60/103/44
f 63/104/45 62/105/45 64/106/45
f 58/107/46 64/108/46 62/109/46
f 57/101/47 60/103/47 58/107/47
f 61/110/48 58/107/48 62/105/48
f 61/99/43 63/111/43 59/100/43
f 59/100/44 63/112/44 64/102/44
f 63/104/45 61/110/45 62/105/45
f 58/107/46 60/103/46 64/108/46
f 57/101/47 59/100/47 60/103/47
f 61/110/48 57/101/48 58/107/48
o Cube.008
v -1.098264 13.735980 -0.939600
v 0.024472 15.391112 -0.939600
v -1.098264 13.735980 1.060400
v 0.024472 15.391112 1.060400
v 4.927011 9.648816 -0.939600
v 6.049747 11.303948 -0.939600
v 4.927011 9.648816 1.060400
v 6.049747 11.303948 1.060400
vt 0.875000 0.500000
vt 0.625000 0.750000
vt 0.625000 0.500000
vt 0.375000 1.000000
vt 0.375000 0.750000
vt 0.625000 0.000000
vt 0.375000 0.250000
vt 0.375000 0.000000
vt 0.375000 0.500000
vt 0.125000 0.750000
vt 0.125000 0.500000
vt 0.625000 0.250000
vt 0.875000 0.750000
vt 0.625000 1.000000
vn -0.5614 -0.8276 0.0000
vn 0.0000 0.0000 1.0000
vn 0.8276 -0.5614 0.0000
vn 0.5614 0.8276 0.0000
vn -0.8276 0.5614 0.0000
vn 0.0000 0.0000 -1.0000
usemtl Material.008
s off
f 69/113/49 67/114/49 65/115/49
f 67/114/50 72/116/50 68/117/50
f 71/118/51 70/119/51 72/120/51
f 66/121/52 72/122/52 70/123/52
f 65/115/53 68/117/53 66/121/53
f 69/124/54 66/121/54 70/119/54
f 69/113/49 71/125/49 67/114/49
f 67/114/50 71/126/50 72/116/50
f 71/118/51 69/124/51 70/119/51
f 66/121/52 68/117/52 72/122/52
f 65/115/53 67/114/53 68/117/53
f 69/124/54 65/115/54 66/121/54
o Cube.009_Cube.010
v 1.840148 13.705635 -0.939600
v 3.570552 14.708483 -0.939600
v 1.840148 13.705635 1.060400
v 3.570552 14.708483 1.060400
v 5.490873 7.406345 -0.939600
v 7.221277 8.409193 -0.939600
v 5.490873 7.406345 1.060400
v 7.221277 8.409193 1.060400
vt 0.875000 0.500000
vt 0.625000 0.750000
vt 0.625000 0.500000
vt 0.375000 1.000000
vt 0.375000 0.750000
vt 0.625000 0.000000
vt 0.375000 0.250000
vt 0.375000 0.000000
vt 0.375000 0.500000
vt 0.125000 0.750000
vt 0.125000 0.500000
vt 0.625000 0.250000
vt 0.875000 0.750000
vt 0.625000 1.000000
vn -0.8652 -0.5014 0.0000
vn 0.0000 0.0000 1.0000
vn 0.5014 -0.8652 0.0000
vn 0.8652 0.5014 0.0000
vn -0.5014 0.8652 0.0000
vn 0.0000 0.0000 -1.0000
usemtl Material.009
s off
f 77/127/55 75/128/55 73/129/55
f 75/128/56 80/130/56 76/131/56
f 79/132/57 78/133/57 80/134/57
f 74/135/58 80/136/58 78/137/58
f 73/129/59 76/131/59 74/135/59
f 77/138/60 74/135/60 78/133/60
f 77/127/55 79/139/55 75/128/55
f 75/128/56 79/140/56 80/130/56
f 79/132/57 77/138/57 78/133/57
f 74/135/58 76/131/58 80/136/58
f 73/129/59 75/128/59 76/131/59
f 77/138/60 73/129/60 74/135/60
o Cube.010_Cube.011
v -4.592561 9.075891 -0.939600
v -5.930503 10.562468 -0.939600
v -4.592561 9.075891 1.060400
v -5.930503 10.562468 1.060400
v 0.819114 13.946478 -0.939600
v -0.518827 15.433055 -0.939600
v 0.819114 13.946478 1.060400
v -0.518827 15.433055 1.060400
vt 0.875000 0.500000
vt 0.625000 0.750000
vt 0.625000 0.500000
vt 0.375000 1.000000
vt 0.375000 0.750000
vt 0.625000 0.000000
vt 0.375000 0.250000
vt 0.375000 0.000000
vt 0.375000 0.500000
vt 0.125000 0.750000
vt 0.125000 0.500000
vt 0.625000 0.250000
vt 0.875000 0.750000
vt 0.625000 1.000000
vn 0.6690 -0.7433 0.0000
vn 0.0000 0.0000 1.0000
vn 0.7433 0.6690 0.0000
vn -0.6690 0.7433 0.0000
vn -0.7433 -0.6690 0.0000
vn 0.0000 0.0000 -1.0000
usemtl Material.010
s off
f 85/141/61 83/142/61 81/143/61
f 83/142/62 88/144/62 84/145/62
f 87/146/63 86/147/63 88/148/63
f 82/149/64 88/150/64 86/151/64
f 81/143/65 84/145/65 82/149/65
f 85/152/66 82/149/66 86/147/66
f 85/141/61 87/153/61 83/142/61
f 83/142/62 87/154/62 88/144/62
f 87/146/63 85/152/63 86/147/63
f 82/149/64 84/145/64 88/150/64
f 81/143/65 83/142/65 84/145/65
f 85/152/66 81/143/66 82/149/66
o Cube.011_Cube.012
v -2.239801 13.175266 -1.000000
v -1.896415 15.145568 -1.000000
v -2.239801 13.175266 1.000000
v -1.896415 15.145568 1.000000
v 4.932802 11.925218 -1.000000
v 5.276188 13.895519 -1.000000
v 4.932802 11.925218 1.000000
v 5.276188 13.895519 1.000000
vt 0.875000 0.500000
vt 0.625000 0.750000
vt 0.625000 0.500000
vt 0.375000 1.000000
vt 0.375000 0.750000
vt 0.625000 0.000000
vt 0.375000 0.250000
vt 0.375000 0.000000
vt 0.375000 0.500000
vt 0.125000 0.750000
vt 0.125000 0.500000
vt 0.625000 0.250000
vt 0.875000 0.750000
vt 0.625000 1.000000
vn -0.1717 -0.9852 0.0000
vn 0.0000 0.0000 1.0000
vn 0.9852 -0.1717 0.0000
vn 0.1717 0.9852 0.0000
vn -0.9852 0.1717 0.0000
vn 0.0000 0.0000 -1.0000
usemtl Material.011
s off
f 93/155/67 91/156/67 89/157/67
f 91/156/68 96/158/68 92/159/68
f 95/160/69 94/161/69 96/162/69
f 90/163/70 96/164/70 94/165/70
f 89/157/71 92/159/71 90/163/71
f 93/166/72 90/163/72 94/161/72
f 93/155/67 95/167/67 91/156/67
f 91/156/68 95/168/68 96/158/68
f 95/160/69 93/166/69 94/161/69
f 90/163/70 92/159/70 96/164/70
f 89/157/71 91/156/71 92/159/71
f 93/166/72 89/157/72 90/163/72
o Cube.012_Cube.013
v 7.419572 6.787775 -1.000000
v 8.990548 5.550021 -1.000000
v 7.419572 6.787775 1.000000
v 8.990548 5.550021 1.000000
v 2.913705 1.068858 -1.000000
v 4.484681 -0.168896 -1.000000
v 2.913705 1.068858 1.000000
v 4.484681 -0.168896 1.000000
vt 0.875000 0.500000
vt 0.625000 0.750000
vt 0.625000 0.500000
vt 0.375000 1.000000
vt 0.375000 0.750000
vt 0.625000 0.000000
vt 0.375000 0.250000
vt 0.375000 0.000000
vt 0.375000 0.500000
vt 0.125000 0.750000
vt 0.125000 0.500000
vt 0.625000 0.250000
vt 0.875000 0.750000
vt 0.625000 1.000000
vn -0.7855 0.6189 0.0000
vn 0.0000 0.0000 1.0000
vn -0.6189 -0.7855 0.0000
vn 0.7855 -0.6189 0.0000
vn 0.6189 0.7855 0.0000
vn 0.0000 0.0000 -1.0000
usemtl Material.012
s off
f 101/169/73 99/170/73 97/171/73
f 99/170/74 104/172/74 100/173/74
f 103/174/75 102/175/75 104/176/75
f 98/177/76 104/178/76 102/179/76
f 97/171/77 100/173/77 98/177/77
f 101/180/78 98/177/78 102/175/78
f 101/169/73 103/181/73 99/170/73
f 99/170/74 103/182/74 104/172/74
f 103/174/75 101/180/75 102/175/75
f 98/177/76 100/173/76 104/178/76
f 97/171/77 99/170/77 100/173/77
f 101/180/78 97/171/78 98/177/78
o Cube.013_Cube.014
v 4.928936 10.804878 -0.939600
v 6.872531 11.276511 -0.939600
v 4.928936 10.804878 1.060400
v 6.872531 11.276511 1.060400
v 6.645850 3.729494 -0.939600
v 8.589445 4.201127 -0.939600
v 6.645850 3.729494 1.060400
v 8.589445 4.201127 1.060400
vt 0.875000 0.500000
vt 0.625000 0.750000
vt 0.625000 0.500000
vt 0.375000 1.000000
vt 0.375000 0.750000
vt 0.625000 0.000000
vt 0.375000 0.250000
vt 0.375000 0.000000
vt 0.375000 0.500000
vt 0.125000 0.750000
vt 0.125000 0.500000
vt 0.625000 0.250000
vt 0.875000 0.750000
vt 0.625000 1.000000
vn -0.9718 -0.2358 0.0000
vn -0.0000 0.0000 1.0000
vn 0.2358 -0.9718 0.0000
vn 0.9718 0.2358 0.0000
vn -0.2358 0.9718 0.0000
vn 0.0000 0.0000 -1.0000
usemtl Material.013
s off
f 109/183/79 107/184/79 105/185/79
f 107/184/80 112/186/80 108/187/80
f 111/188/81 110/189/81 112/190/81
f 106/191/82 112/192/82 110/193/82
f 105/185/83 108/187/83 106/191/83
f 109/194/84 106/191/84 110/189/84
f 109/183/79 111/195/79 107/184/79
f 107/184/80 111/196/80 112/186/80
f 111/188/81 109/194/81 110/189/81
f 106/191/82 108/187/82 112/192/82
f 105/185/83 107/184/83 108/187/83
f 109/194/84 105/185/84 106/191/84
o Cube.014_Cube.015
v 5.949082 2.945259 -0.939600
v 6.010033 0.946188 -0.939600
v 5.949082 2.945259 1.060400
v 6.010033 0.946188 1.060400
v -1.328254 2.723374 -0.939600
v -1.267303 0.724303 -0.939600
v -1.328254 2.723374 1.060400
v -1.267303 0.724303 1.060400
vt 0.875000 0.500000
vt 0.625000 0.750000
vt 0.625000 0.500000
vt 0.375000 1.000000
vt 0.375000 0.750000
vt 0.625000 0.000000
vt 0.375000 0.250000
vt 0.375000 0.000000
vt 0.375000 0.500000
vt 0.125000 0.750000
vt 0.125000 0.500000
vt 0.625000 0.250000
vt 0.875000 0.750000
vt 0.625000 1.000000
vn -0.0305 0.9995 0.0000
vn -0.0000 0.0000 1.0000
vn -0.9995 -0.0305 0.0000
vn 0.0305 -0.9995 0.0000
vn 0.9995 0.0305 0.0000
vn 0.0000 0.0000 -1.0000
usemtl Material.014
s off
f 117/197/85 115/198/85 113/199/85
f 115/198/86 120/200/86 116/201/86
f 119/202/87 118/203/87 120/204/87
f 114/205/88 120/206/88 118/207/88
f 113/199/89 116/201/89 114/205/89
f 117/208/90 114/205/90 118/203/90
f 117/197/85 119/209/85 115/198/85
f 115/198/86 119/210/86 120/200/86
f 119/202/87 117/208/87 118/203/87
f 114/205/88 116/201/88 120/206/88
f 113/199/89 115/198/89 116/201/89
f 117/208/90 113/199/90 114/205/90
o Cube.015_Cube.016
v -6.785430 5.181608 -0.939600
v -8.537507 6.146091 -0.939600
v -6.785430 5.181608 1.060400
v -8.537507 6.146091 1.060400
v -3.274367 11.559796 -0.939600
v -5.026444 12.524279 -0.939600
v -3.274367 11.559796 1.060400
v -5.026444 12.524279 1.060400
vt 0.875000 0.500000
vt 0.625000 0.750000
vt 0.625000 0.500000
vt 0.375000 1.000000
vt 0.375000 0.750000
vt 0.625000 0.000000
vt 0.375000 0.250000
vt 0.375000 0.000000
vt 0.375000 0.500000
vt 0.125000 0.750000
vt 0.125000 0.500000
vt 0.625000 0.250000
vt 0.875000 0.750000
vt 0.625000 1.000000
vn 0.8760 -0.4822 0.0000
vn 0.0000 0.0000 1.0000
vn 0.4822 0.8760 0.0000
vn -0.8760 0.4822 0.0000
vn -0.4822 -0.8760 0.0000
vn 0.0000 0.0000 -1.0000
usemtl Material.015
s off
f 125/211/91 123/212/91 121/213/91
f 123/212/92 128/214/92 124/215/92
f 127/216/93 126/217/93 128/218/93
f 122/219/94 128/220/94 126/221/94
f 121/213/95 124/215/95 122/219/95
f 125/222/96 122/219/96 126/217/96
f 125/211/91 127/223/91 123/212/91
f 123/212/92 127/224/92 128/214/92
f 127/216/93 125/222/93 126/217/93
f 122/219/94 124/215/94 128/220/94
f 121/213/95 123/212/95 124/215/95
f 125/222/96 121/213/96 122/219/96
o Cube.016_Cube.017
v 0.500155 2.061580 -0.939600
v -0.082536 0.148345 -0.939600
v 0.500155 2.061580 1.060400
v -0.082536 0.148345 1.060400
v -6.464710 4.182784 -0.939600
v -7.047401 2.269548 -0.939600
v -6.464710 4.182784 1.060400
v -7.047401 2.269548 1.060400
vt 0.875000 0.500000
vt 0.625000 0.750000
vt 0.625000 0.500000
vt 0.375000 1.000000
vt 0.375000 0.750000
vt 0.625000 0.000000
vt 0.375000 0.250000
vt 0.375000 0.000000
vt 0.375000 0.500000
vt 0.125000 0.750000
vt 0.125000 0.500000
vt 0.625000 0.250000
vt 0.875000 0.750000
vt 0.625000 1.000000
vn 0.2913 0.9566 0.0000
vn 0.0000 0.0000 1.0000
vn -0.9566 0.2913 0.0000
vn -0.2913 -0.9566 0.0000
vn 0.9566 -0.2913 0.0000
vn 0.0000 0.0000 -1.0000
usemtl Material.016
s off
f 133/225/97 131/226/97 129/227/97
f 131/226/98 136/228/98 132/229/98
f 135/230/99 134/231/99 136/232/99
f 130/233/100 136/234/100 134/235/100
f 129/227/101 132/229/101 130/233/101
f 133/236/102 130/233/102 134/231/102
f 133/225/97 135/237/97 131/226/97
f 131/226/98 135/238/98 136/228/98
f 135/230/99 133/236/99 134/231/99
f 130/233/100 132/229/100 136/234/100
f 129/227/101 131/226/101 132/229/101
f 133/236/102 129/227/102 130/233/102
o Cube.017_Cube.018
v -4.225334 1.960866 -1.000000
v -6.090138 1.238022 -1.000000
v -4.225334 1.960866 1.000000
v -6.090138 1.238022 1.000000
v -6.856746 8.749424 -1.000000
v -8.721550 8.026580 -1.000000
v -6.856746 8.749424 1.000000
v -8.721550 8.026580 1.000000
vt 0.875000 0.500000
vt 0.625000 0.750000
vt 0.625000 0.500000
vt 0.375000 1.000000
vt 0.375000 0.750000
vt 0.625000 0.000000
vt 0.375000 0.250000
vt 0.375000 0.000000
vt 0.375000 0.500000
vt 0.125000 0.750000
vt 0.125000 0.500000
vt 0.625000 0.250000
vt 0.875000 0.750000
vt 0.625000 1.000000
vn 0.9324 0.3614 0.0000
vn 0.0000 0.0000 1.0000
vn -0.3614 0.9324 0.0000
vn -0.9324 -0.3614 0.0000
vn 0.3614 -0.9324 0.0000
vn 0.0000 0.0000 -1.0000
usemtl Material.017
s off
f 141/239/103 139/240/103 137/241/103
f 139/240/104 144/242/104 140/243/104
f 143/244/105 142/245/105 144/246/105
f 138/247/106 144/248/106 142/249/106
f 137/241/107 140/243/107 138/247/107
f 141/250/108 138/247/108 142/245/108
f 141/239/103 143/251/103 139/240/103
f 139/240/104 143/252/104 144/242/104
f 143/244/105 141/250/105 142/245/105
f 138/247/106 140/243/106 144/248/106
f 137/241/107 139/240/107 140/243/107
f 141/250/108 137/241/108 138/247/108
o Cube.018_Cube.019
v 0.636040 0.304635 -1.000000
v -0.233016 -1.496682 -1.000000
v 0.636040 0.304635 1.000000
v -0.233016 -1.496682 1.000000
v -5.921398 3.468312 -1.000000
v -6.790455 1.666995 -1.000000
v -5.921398 3.468312 1.000000
v -6.790455 1.666995 1.000000
vt 0.875000 0.500000
vt 0.625000 0.750000
vt 0.625000 0.500000
vt 0.375000 1.000000
vt 0.375000 0.750000
vt 0.625000 0.000000
vt 0.375000 0.250000
vt 0.375000 0.000000
vt 0.375000 0.500000
vt 0.125000 0.750000
vt 0.125000 0.500000
vt 0.625000 0.250000
vt 0.875000 0.750000
vt 0.625000 1.000000
vn 0.4345 0.9007 0.0000
vn 0.0000 0.0000 1.0000
vn -0.9007 0.4345 0.0000
vn -0.4345 -0.9007 0.0000
vn 0.9007 -0.4345 0.0000
vn 0.0000 0.0000 -1.0000
usemtl Material.018
s off
f 149/253/109 147/254/109 145/255/109
f 147/254/110 152/256/110 148/257/110
f 151/258/111 150/259/111 152/260/111
f 146/261/112 152/262/112 150/263/112
f 145/255/113 148/257/113 146/261/113
f 149/264/114 146/261/114 150/259/114
f 149/253/109 151/265/109 147/254/109
f 147/254/110 151/266/110 152/256/110
f 151/258/111 149/264/111 150/259/111
f 146/261/112 148/257/112 152/262/112
f 145/255/113 147/254/113 148/257/113
f 149/264/114 145/255/114 146/261/114
o Cube.019_Cube.020
v 4.020066 3.604446 -0.939600
v 4.900529 1.808678 -0.939600
v 4.020066 3.604446 1.060400
v 4.900529 1.808678 1.060400
v -2.517177 0.399245 -0.939600
v -1.636714 -1.396523 -0.939600
v -2.517177 0.399245 1.060400
v -1.636714 -1.396523 1.060400
vt 0.875000 0.500000
vt 0.625000 0.750000
vt 0.625000 0.500000
vt 0.375000 1.000000
vt 0.375000 0.750000
vt 0.625000 0.000000
vt 0.375000 0.250000
vt 0.375000 0.000000
vt 0.375000 0.500000
vt 0.125000 0.750000
vt 0.125000 0.500000
vt 0.625000 0.250000
vt 0.875000 0.750000
vt 0.625000 1.000000
vn -0.4402 0.8979 0.0000
vn 0.0000 0.0000 1.0000
vn -0.8979 -0.4402 0.0000
vn 0.4402 -0.8979 0.0000
vn 0.8979 0.4402 0.0000
vn -0.0000 0.0000 -1.0000
usemtl Material.019
s off
f 157/267/115 155/268/115 153/269/115
f 155/268/116 160/270/116 156/271/116
f 159/272/117 158/273/117 160/274/117
f 154/275/118 160/276/118 158/277/118
f 153/269/119 156/271/119 154/275/119
f 157/278/120 154/275/120 158/273/120
f 157/267/115 159/279/115 155/268/115
f 155/268/116 159/280/116 160/270/116
f 159/272/117 157/278/117 158/273/117
f 154/275/118 156/271/118 160/276/118
f 153/269/119 155/268/119 156/271/119
f 157/278/120 153/269/120 154/275/120
o Cube.020_Cube.021
v -3.433443 0.910095 -0.939600
v -5.372117 0.418624 -0.939600
v -3.433443 0.910095 1.060400
v -5.372117 0.418624 1.060400
v -5.222570 7.967564 -0.939600
v -7.161245 7.476094 -0.939600
v -5.222570 7.967564 1.060400
v -7.161245 7.476094 1.060400
vt 0.875000 0.500000
vt 0.625000 0.750000
vt 0.625000 0.500000
vt 0.375000 1.000000
vt 0.375000 0.750000
vt 0.625000 0.000000
vt 0.375000 0.250000
vt 0.375000 0.000000
vt 0.375000 0.500000
vt 0.125000 0.750000
vt 0.125000 0.500000
vt 0.625000 0.250000
vt 0.875000 0.750000
vt 0.625000 1.000000
vn 0.9693 0.2457 0.0000
vn 0.0000 0.0000 1.0000
vn -0.2457 0.9693 0.0000
vn -0.9693 -0.2457 0.0000
vn 0.2457 -0.9693 0.0000
vn 0.0000 0.0000 -1.0000
usemtl Material.020
s off
f 165/281/121 163/282/121 161/283/121
f 163/282/122 168/284/122 164/285/122
f 167/286/123 166/287/123 168/288/123
f 162/289/124 168/290/124 166/291/124
f 161/283/125 164/285/125 162/289/125
f 165/292/126 162/289/126 166/287/126
f 165/281/121 167/293/121 163/282/121
f 163/282/122 167/294/122 168/284/122
f 167/286/123 165/292/123 166/287/123
f 162/289/124 164/285/124 168/290/124
f 161/283/125 163/282/125 164/285/125
f 165/292/126 161/283/126 162/289/126
o Cube.021_Cube.022
v 7.398137 7.970260 -0.939600
v 8.807494 6.551207 -0.939600
v 7.398137 7.970260 1.060400
v 8.807494 6.551207 1.060400
v 2.232272 2.839695 -0.939600
v 3.641629 1.420642 -0.939600
v 2.232272 2.839695 1.060400
v 3.641629 1.420642 1.060400
vt 0.875000 0.500000
vt 0.625000 0.750000
vt 0.625000 0.500000
vt 0.375000 1.000000
vt 0.375000 0.750000
vt 0.625000 0.000000
vt 0.375000 0.250000
vt 0.375000 0.000000
vt 0.375000 0.500000
vt 0.125000 0.750000
vt 0.125000 0.500000
vt 0.625000 0.250000
vt 0.875000 0.750000
vt 0.625000 1.000000
vn -0.7047 0.7095 0.0000
vn 0.0000 0.0000 1.0000
vn -0.7095 -0.7047 0.0000
vn 0.7047 -0.7095 0.0000
vn 0.7095 0.7047 0.0000
vn 0.0000 0.0000 -1.0000
usemtl Material.021
s off
f 173/295/127 171/296/127 169/297/127
f 171/296/128 176/298/128 172/299/128
f 175/300/129 174/301/129 176/302/129
f 170/303/130 176/304/130 174/305/130
f 169/297/131 172/299/131 170/303/131
f 173/306/132 170/303/132 174/301/132
f 173/295/127 175/307/127 171/296/127
f 171/296/128 175/308/128 176/298/128
f 175/300/129 173/306/129 174/301/129
f 170/303/130 172/299/130 176/304/130
f 169/297/131 171/296/131 172/299/131
f 173/306/132 169/297/132 170/303/132
o Cube.022_Cube.023
v 1.286764 13.016588 -0.939600
v 2.384899 14.688145 -0.939600
v 1.286764 13.016588 1.060400
v 2.384899 14.688145 1.060400
v 7.371827 9.018982 -0.939600
v 8.469962 10.690538 -0.939600
v 7.371827 9.018982 1.060400
v 8.469962 10.690538 1.060400
vt 0.875000 0.500000
vt 0.625000 0.750000
vt 0.625000 0.500000
vt 0.375000 1.000000
vt 0.375000 0.750000
vt 0.625000 0.000000
vt 0.375000 0.250000
vt 0.375000 0.000000
vt 0.375000 0.500000
vt 0.125000 0.750000
vt 0.125000 0.500000
vt 0.625000 0.250000
vt 0.875000 0.750000
vt 0.625000 1.000000
vn -0.5491 -0.8358 0.0000
vn 0.0000 0.0000 1.0000
vn 0.8358 -0.5491 0.0000
vn 0.5491 0.8358 0.0000
vn -0.8358 0.5491 0.0000
vn 0.0000 0.0000 -1.0000
usemtl Material.022
s off
f 181/309/133 179/310/133 177/311/133
f 179/310/134 184/312/134 180/313/134
f 183/314/135 182/315/135 184/316/135
f 178/317/136 184/318/136 182/319/136
f 177/311/137 180/313/137 178/317/137
f 181/320/138 178/317/138 182/315/138
f 181/309/133 183/321/133 179/310/133
f 179/310/134 183/322/134 184/312/134
f 183/314/135 181/320/135 182/315/135
f 178/317/136 180/313/136 184/318/136
f 177/311/137 179/310/137 180/313/137
f 181/320/138 177/311/138 178/317/138
o Cube.023_Cube.024
v 5.849192 11.781827 -1.000000
v 7.842110 11.949983 -1.000000
v 5.849192 11.781827 1.000000
v 7.842110 11.949983 1.000000
v 6.461340 4.526889 -1.000000
v 8.454259 4.695045 -1.000000
v 6.461340 4.526889 1.000000
v 8.454259 4.695045 1.000000
vt 0.875000 0.500000
vt 0.625000 0.750000
vt 0.625000 0.500000
vt 0.375000 1.000000
vt 0.375000 0.750000
vt 0.625000 0.000000
vt 0.375000 0.250000
vt 0.375000 0.000000
vt 0.375000 0.500000
vt 0.125000 0.750000
vt 0.125000 0.500000
vt 0.625000 0.250000
vt 0.875000 0.750000
vt 0.625000 1.000000
vn -0.9965 -0.0841 0.0000
vn 0.0000 0.0000 1.0000
vn 0.0841 -0.9965 0.0000
vn 0.9965 0.0841 0.0000
vn -0.0841 0.9965 0.0000
vn 0.0000 0.0000 -1.0000
usemtl Material.023
s off
f 189/323/139 187/324/139 185/325/139
f 187/324/140 192/326/140 188/327/140
f 191/328/141 190/329/141 192/330/141
f 186/331/142 192/332/142 190/333/142
f 185/325/143 188/327/143 186/331/143
f 189/334/144 186/331/144 190/329/144
f 189/323/139 191/335/139 187/324/139
f 187/324/140 191/336/140 192/326/140
f 191/328/141 189/334/141 190/329/141
f 186/331/142 188/327/142 192/332/142
f 185/325/143 187/324/143 188/327/143
f 189/334/144 185/325/144 186/331/144
o Cube.024_Cube.025
v -5.569568 9.854272 -1.000000
v -6.663844 11.528357 -1.000000
v -5.569568 9.854272 1.000000
v -6.663844 11.528357 1.000000
v 0.524701 13.837830 -1.000000
v -0.569575 15.511914 -1.000000
v 0.524701 13.837830 1.000000
v -0.569575 15.511914 1.000000
vt 0.875000 0.500000
vt 0.625000 0.750000
vt 0.625000 0.500000
vt 0.375000 1.000000
vt 0.375000 0.750000
vt 0.625000 0.000000
vt 0.375000 0.250000
vt 0.375000 0.000000
vt 0.375000 0.500000
vt 0.125000 0.750000
vt 0.125000 0.500000
vt 0.625000 0.250000
vt 0.875000 0.750000
vt 0.625000 1.000000
vn 0.5471 -0.8370 0.0000
vn 0.0000 0.0000 1.0000
vn 0.8370 0.5471 0.0000
vn -0.5471 0.8370 0.0000
vn -0.8370 -0.5471 0.0000
vn 0.0000 0.0000 -1.0000
usemtl Material.024
s off
f 197/337/145 195/338/145 193/339/145
f 195/338/146 200/340/146 196/341/146
f 199/342/147 198/343/147 200/344/147
f 194/345/148 200/346/148 198/347/148
f 193/339/149 196/341/149 194/345/149
f 197/348/150 194/345/150 198/343/150
f 197/337/145 199/349/145 195/338/145
f 195/338/146 199/350/146 200/340/146
f 199/342/147 197/348/147 198/343/147
f 194/345/148 196/341/148 200/346/148
f 193/339/149 195/338/149 196/341/149
f 197/348/150 193/339/150 194/345/150
o Cube.025_Cube.026
v -4.489908 5.252673 -0.939600
v -6.482433 5.425426 -0.939600
v -4.489908 5.252673 1.060400
v -6.482433 5.425426 1.060400
v -3.861028 12.506181 -0.939600
v -5.853553 12.678933 -0.939600
v -3.861028 12.506181 1.060400
v -5.853553 12.678933 1.060400
vt 0.875000 0.500000
vt 0.625000 0.750000
vt 0.625000 0.500000
vt 0.375000 1.000000
vt 0.375000 0.750000
vt 0.625000 0.000000
vt 0.375000 0.250000
vt 0.375000 0.000000
vt 0.375000 0.500000
vt 0.125000 0.750000
vt 0.125000 0.500000
vt 0.625000 0.250000
vt 0.875000 0.750000
vt 0.625000 1.000000
vn 0.9963 -0.0864 0.0000
vn 0.0000 0.0000 1.0000
vn 0.0864 0.9963 0.0000
vn -0.9963 0.0864 0.0000
vn -0.0864 -0.9963 0.0000
vn 0.0000 0.0000 -1.0000
usemtl Material.025
s off
f 205/351/151 203/352/151 201/353/151
f 203/352/152 208/354/152 204/355/152
f 207/356/153 206/357/153 208/358/153
f 202/359/154 208/360/154 206/361/154
f 201/353/155 204/355/155 202/359/155
f 205/362/156 202/359/156 206/357/156
f 205/351/151 207/363/151 203/352/151
f 203/352/152 207/364/152 208/354/152
f 207/356/153 205/362/153 206/357/153
f 202/359/154 204/355/154 208/360/154
f 201/353/155 203/352/155 204/355/155
f 205/362/156 201/353/156 202/359/156
o Cube.026_Cube.027
v -2.950557 13.027292 -0.939600
v -2.370870 14.941440 -0.939600
v -2.950557 13.027292 1.060400
v -2.370870 14.941440 1.060400
v 4.017629 10.917024 -0.939600
v 4.597316 12.831171 -0.939600
v 4.017629 10.917024 1.060400
v 4.597316 12.831171 1.060400
vt 0.875000 0.500000
vt 0.625000 0.750000
vt 0.625000 0.500000
vt 0.375000 1.000000
vt 0.375000 0.750000
vt 0.625000 0.000000
vt 0.375000 0.250000
vt 0.375000 0.000000
vt 0.375000 0.500000
vt 0.125000 0.750000
vt 0.125000 0.500000
vt 0.625000 0.250000
vt 0.875000 0.750000
vt 0.625000 1.000000
vn -0.2898 -0.9571 0.0000
vn 0.0000 0.0000 1.0000
vn 0.9571 -0.2898 0.0000
vn 0.2898 0.9571 0.0000
vn -0.9571 0.2898 0.0000
vn 0.0000 0.0000 -1.0000
usemtl Material.026
s off
f 213/365/157 211/366/157 209/367/157
f 211/366/158 216/368/158 212/369/158
f 215/370/159 214/371/159 216/372/159
f 210/373/160 216/374/160 214/375/160
f 209/367/161 212/369/161 210/373/161
f 213/376/162 210/373/162 214/371/162
f 213/365/157 215/377/157 211/366/157
f 211/366/158 215/378/158 216/368/158
f 215/370/159 213/376/159 214/371/159
f 210/373/160 212/369/160 216/374/160
f 209/367/161 211/366/161 212/369/161
f 213/376/162 209/367/162 210/373/162
o Cube.027_Cube.028
v -5.118292 11.043328 -0.939600
v -5.427944 13.019212 -0.939600
v -5.118292 11.043328 1.060400
v -5.427944 13.019212 1.060400
v 2.074633 12.170571 -0.939600
v 1.764982 14.146455 -0.939600
v 2.074633 12.170571 1.060400
v 1.764982 14.146455 1.060400
vt 0.875000 0.500000
vt 0.625000 0.750000
vt 0.625000 0.500000
vt 0.375000 1.000000
vt 0.375000 0.750000
vt 0.625000 0.000000
vt 0.375000 0.250000
vt 0.375000 0.000000
vt 0.375000 0.500000
vt 0.125000 0.750000
vt 0.125000 0.500000
vt 0.625000 0.250000
vt 0.875000 0.750000
vt 0.625000 1.000000
vn 0.1548 -0.9879 0.0000
vn 0.0000 0.0000 1.0000
vn 0.9879 0.1548 0.0000
vn -0.1548 0.9879 0.0000
vn -0.9879 -0.1548 0.0000
vn 0.0000 0.0000 -1.0000
usemtl Material.027
s off
f 221/379/163 219/380/163 217/381/163
f 219/380/164 224/382/164 220/383/164
f 223/384/165 222/385/165 224/386/165
f 218/387/166 224/388/166 222/389/166
f 217/381/167 220/383/167 218/387/167
f 221/390/168 218/387/168 222/385/168
f 221/379/163 223/391/163 219/380/163
f 219/380/164 223/392/164 224/382/164
f 223/384/165 221/390/165 222/385/165
f 218/387/166 220/383/166 224/388/166
f 217/381/167 219/380/167 220/383/167
f 221/390/168 217/381/168 218/387/168
o Cube.028_Cube.029
v -3.126431 3.372163 -0.939600
v -4.996081 2.661945 -0.939600
v -3.126431 3.372163 1.060400
v -4.996081 2.661945 1.060400
v -5.711878 10.178360 -0.939600
v -7.581528 9.468143 -0.939600
v -5.711878 10.178360 1.060400
v -7.581528 9.468143 1.060400
vt 0.875000 0.500000
vt 0.625000 0.750000
vt 0.625000 0.500000
vt 0.375000 1.000000
vt 0.375000 0.750000
vt 0.625000 0.000000
vt 0.375000 0.250000
vt 0.375000 0.000000
vt 0.375000 0.500000
vt 0.125000 0.750000
vt 0.125000 0.500000
vt 0.625000 0.250000
vt 0.875000 0.750000
vt 0.625000 1.000000
vn 0.9348 0.3551 0.0000
vn 0.0000 0.0000 1.0000
vn -0.3551 0.9348 0.0000
vn -0.9348 -0.3551 0.0000
vn 0.3551 -0.9348 0.0000
vn 0.0000 0.0000 -1.0000
usemtl Material.028
s off
f 229/393/169 227/394/169 225/395/169
f 227/394/170 232/396/170 228/397/170
f 231/398/171 230/399/171 232/400/171
f 226/401/172 232/402/172 230/403/172
f 225/395/173 228/397/173 226/401/173
f 229/404/174 226/401/174 230/399/174
f 229/393/169 231/405/169 227/394/169
f 227/394/170 231/406/170 232/396/170
f 231/398/171 229/404/171 230/399/171
f 226/401/172 228/397/172 232/402/172
f 225/395/173 227/394/173 228/397/173
f 229/404/174 225/395/174 226/401/174
o Cube.029_Cube.030
v -6.098359 7.047488 -1.000000
v -7.811365 8.079773 -1.000000
v -6.098359 7.047488 1.000000
v -7.811365 8.079773 1.000000
v -2.340473 13.283443 -1.000000
v -4.053479 14.315728 -1.000000
v -2.340473 13.283443 1.000000
v -4.053479 14.315728 1.000000
vt 0.875000 0.500000
vt 0.625000 0.750000
vt 0.625000 0.500000
vt 0.375000 1.000000
vt 0.375000 0.750000
vt 0.625000 0.000000
vt 0.375000 0.250000
vt 0.375000 0.000000
vt 0.375000 0.500000
vt 0.125000 0.750000
vt 0.125000 0.500000
vt 0.625000 0.250000
vt 0.875000 0.750000
vt 0.625000 1.000000
vn 0.8565 -0.5161 0.0000
vn 0.0000 0.0000 1.0000
vn 0.5161 0.8565 0.0000
vn -0.8565 0.5161 0.0000
vn -0.5161 -0.8565 0.0000
vn 0.0000 0.0000 -1.0000
usemtl Material.029
s off
f 237/407/175 235/408/175 233/409/175
f 235/408/176 240/410/176 236/411/176
f 239/412/177 238/413/177 240/414/177
f 234/415/178 240/416/178 238/417/178
f 233/409/179 236/411/179 234/415/179
f 237/418/180 234/415/180 238/413/180
f 237/407/175 239/419/175 235/408/175
f 235/408/176 239/420/176 240/410/176
f 239/412/177 237/418/177 238/413/177
f 234/415/178 236/411/178 240/416/178
f 233/409/179 235/408/179 236/411/179
f 237/418/180 233/409/180 234/415/180
o Cube.030_Cube.031
v 3.348463 13.745329 -1.000000
v 5.070333 14.762759 -1.000000
v 3.348463 13.745329 1.000000
v 5.070333 14.762759 1.000000
v 7.052275 7.477105 -1.000000
v 8.774145 8.494535 -1.000000
v 7.052275 7.477105 1.000000
v 8.774145 8.494535 1.000000
vt 0.875000 0.500000
vt 0.625000 0.750000
vt 0.625000 0.500000
vt 0.375000 1.000000
vt 0.375000 0.750000
vt 0.625000 0.000000
vt 0.375000 0.250000
vt 0.375000 0.000000
vt 0.375000 0.500000
vt 0.125000 0.750000
vt 0.125000 0.500000
vt 0.625000 0.250000
vt 0.875000 0.750000
vt 0.625000 1.000000
vn -0.8609 -0.5087 0.0000
vn 0.0000 0.0000 1.0000
vn 0.5087 -0.8609 0.0000
vn 0.8609 0.5087 0.0000
vn -0.5087 0.8609 0.0000
vn 0.0000 0.0000 -1.0000
usemtl Material.030
s off
f 245/421/181 243/422/181 241/423/181
f 243/422/182 248/424/182 244/425/182
f 247/426/183 246/427/183 248/428/183
f 242/429/184 248/430/184 246/431/184
f 241/423/185 244/425/185 242/429/185
f 245/432/186 242/429/186 246/427/186
f 245/421/181 247/433/181 243/422/181
f 243/422/182 247/434/182 248/424/182
f 247/426/183 245/432/183 246/427/183
f 242/429/184 244/425/184 248/430/184
f 241/423/185 243/422/185 244/425/185
f 245/432/186 241/423/186 242/429/186
o Cube.031_Cube.032
v -1.297264 12.874924 -0.939600
v -1.034557 14.857594 -0.939600
v -1.297264 12.874924 1.060400
v -1.034557 14.857594 1.060400
v 5.920372 11.918578 -0.939600
v 6.183078 13.901249 -0.939600
v 5.920372 11.918578 1.060400
v 6.183078 13.901249 1.060400
vt 0.875000 0.500000
vt 0.625000 0.750000
vt 0.625000 0.500000
vt 0.375000 1.000000
vt 0.375000 0.750000
vt 0.625000 0.000000
vt 0.375000 0.250000
vt 0.375000 0.000000
vt 0.375000 0.500000
vt 0.125000 0.750000
vt 0.125000 0.500000
vt 0.625000 0.250000
vt 0.875000 0.750000
vt 0.625000 1.000000
vn -0.1314 -0.9913 0.0000
vn 0.0000 0.0000 1.0000
vn 0.9913 -0.1314 0.0000
vn 0.1314 0.9913 0.0000
vn -0.9913 0.1314 0.0000
vn -0.0000 0.0000 -1.0000
usemtl Material.031
s off
f 253/435/187 251/436/187 249/437/187
f 251/436/188 256/438/188 252/439/188
f 255/440/189 254/441/189 256/442/189
f 250/443/190 256/444/190 254/445/190
f 249/437/191 252/439/191 250/443/191
f 253/446/192 250/443/192 254/441/192
f 253/435/187 255/447/187 251/436/187
f 251/436/188 255/448/188 256/438/188
f 255/440/189 253/446/189 254/441/189
f 250/443/190 252/439/190 256/444/190
f 249/437/191 251/436/191 252/439/191
f 253/446/192 249/437/192 250/443/192
o Cube.032_Cube.033
v 6.399767 10.985471 -0.939600
v 8.285734 10.319794 -0.939600
v 6.399767 10.985471 1.060400
v 8.285734 10.319794 1.060400
v 3.976463 4.119872 -0.939600
v 5.862431 3.454194 -0.939600
v 3.976463 4.119872 1.060400
v 5.862431 3.454194 1.060400
vt 0.875000 0.500000
vt 0.625000 0.750000
vt 0.625000 0.500000
vt 0.375000 1.000000
vt 0.375000 0.750000
vt 0.625000 0.000000
vt 0.375000 0.250000
vt 0.375000 0.000000
vt 0.375000 0.500000
vt 0.125000 0.750000
vt 0.125000 0.500000
vt 0.625000 0.250000
vt 0.875000 0.750000
vt 0.625000 1.000000
vn -0.9430 0.3328 0.0000
vn 0.0000 0.0000 1.0000
vn -0.3328 -0.9430 0.0000
vn 0.9430 -0.3328 0.0000
vn 0.3328 0.9430 0.0000
vn 0.0000 0.0000 -1.0000
usemtl Material.032
s off
f 261/449/193 259/450/193 257/451/193
f 259/450/194 264/452/194 260/453/194
f 263/454/195 262/455/195 264/456/195
f 258/457/196 264/458/196 262/459/196
f 257/451/197 260/453/197 258/457/197
f 261/460/198 258/457/198 262/455/198
f 261/449/193 263/461/193 259/450/193
f 259/450/194 263/462/194 264/452/194
f 263/454/195 261/460/195 262/455/195
f 258/457/196 260/453/196 264/458/196
f 257/451/197 259/450/197 260/453/197
f 261/460/198 257/451/198 258/457/198
o Cube.033_Cube.034
v -0.287945 -0.079952 -0.939600
v -1.820470 -1.365007 -0.939600
v -0.287945 -0.079952 1.060400
v -1.820470 -1.365007 1.060400
v -4.966006 5.498990 -0.939600
v -6.498531 4.213934 -0.939600
v -4.966006 5.498990 1.060400
v -6.498531 4.213934 1.060400
vt 0.875000 0.500000
vt 0.625000 0.750000
vt 0.625000 0.500000
vt 0.375000 1.000000
vt 0.375000 0.750000
vt 0.625000 0.000000
vt 0.375000 0.250000
vt 0.375000 0.000000
vt 0.375000 0.500000
vt 0.125000 0.750000
vt 0.125000 0.500000
vt 0.625000 0.250000
vt 0.875000 0.750000
vt 0.625000 1.000000
vn 0.7663 0.6425 0.0000
vn 0.0000 0.0000 1.0000
vn -0.6425 0.7663 0.0000
vn -0.7663 -0.6425 0.0000
vn 0.6425 -0.7663 0.0000
vn 0.0000 0.0000 -1.0000
usemtl Material.033
s off
f 269/463/199 267/464/199 265/465/199
f 267/464/200 272/466/200 268/467/200
f 271/468/201 270/469/201 272/470/201
f 266/471/202 272/472/202 270/473/202
f 265/465/203 268/467/203 266/471/203
f 269/474/204 266/471/204 270/469/204
f 269/463/199 271/475/199 267/464/199
f 267/464/200 271/476/200 272/466/200
f 271/468/201 269/474/201 270/469/201
f 266/471/202 268/467/202 272/472/202
f 265/465/203 267/464/203 268/467/203
f 269/474/204 265/465/204 266/471/204
o Cube.034_Cube.035
v 5.254348 5.585498 -0.939600
v 6.827657 4.350710 -0.939600
v 5.254348 5.585498 1.060400
v 6.827657 4.350710 1.060400
v 0.759277 -0.141909 -0.939600
v 2.332586 -1.376697 -0.939600
v 0.759277 -0.141909 1.060400
v 2.332586 -1.376697 1.060400
vt 0.875000 0.500000
vt 0.625000 0.750000
vt 0.625000 0.500000
vt 0.375000 1.000000
vt 0.375000 0.750000
vt 0.625000 0.000000
vt 0.375000 0.250000
vt 0.375000 0.000000
vt 0.375000 0.500000
vt 0.125000 0.750000
vt 0.125000 0.500000
vt 0.625000 0.250000
vt 0.875000 0.750000
vt 0.625000 1.000000
vn -0.7867 0.6174 0.0000
vn -0.0000 0.0000 1.0000
vn -0.6174 -0.7867 0.0000
vn 0.7867 -0.6174 0.0000
vn 0.6174 0.7867 0.0000
vn 0.0000 0.0000 -1.0000
usemtl Material.034
s off
f 277/477/205 275/478/205 273/479/205
f 275/478/206 280/480/206 276/481/206
f 279/482/207 278/483/207 280/484/207
f 274/485/208 280/486/208 278/487/208
f 273/479/209 276/481/209 274/485/209
f 277/488/210 274/485/210 278/483/210
f 277/477/205 279/489/205 275/478/205
